10001000 10011 11111
10001001 01010 11111
10001010 01010 11111
10001011 01010 11111
10001100 01010 11111
10001101 01010 11111
10001110 01010 11111
10001111 01010 11111
10000000 01010 11111
10000001 00110 11111
10000010 00110 11111
10000011 00110 11111
10000100 00110 11111
10000101 00110 11111
10000110 00110 11111
10000111 00110 11111
10011000 00001 11111
10011001 10011 11111
10011010 01010 11111
10011011 01010 11111
10011100 01010 11111
10011101 01010 11111
10011110 01010 11111
10011111 01010 11111
10010000 01010 11111
10010001 01010 11111
10010010 00110 11111
10010011 00110 11111
10010100 00110 11111
10010101 00110 11111
10010110 00110 11111
10010111 00110 11111
10101000 00001 11111
10101001 00001 11111
10101010 10011 11111
10101011 01010 11111
10101100 01010 11111
10101101 01010 11111
10101110 01010 11111
10101111 01010 11111
10100000 01010 11111
10100001 01010 11111
10100010 01010 11111
10100011 00110 11111
10100100 00110 11111
10100101 00110 11111
10100110 00110 11111
10100111 00110 11111
10111000 00001 11111
10111001 00001 11111
10111010 00001 11111
10111011 10011 11111
10111100 01010 11111
10111101 01010 11111
10111110 01010 11111
10111111 01010 11111
10110000 01010 11111
10110001 01010 11111
10110010 01010 11111
10110011 01010 11111
10110100 00110 11111
10110101 00110 11111
10110110 00110 11111
10110111 00110 11111
11001000 00001 11111
11001001 00001 11111
11001010 00001 11111
11001011 00001 11111
11001100 10011 11111
11001101 01010 11111
11001110 01010 11111
11001111 01010 11111
11000000 01010 11111
11000001 01010 11111
11000010 01010 11111
11000011 01010 11111
11000100 01010 11111
11000101 00110 11111
11000110 00110 11111
11000111 00110 11111
11011000 00001 11111
11011001 00001 11111
11011010 00001 11111
11011011 00001 11111
11011100 00001 11111
11011101 10011 11111
11011110 01010 11111
11011111 01010 11111
11010000 01010 11111
11010001 01010 11111
11010010 01010 11111
11010011 01010 11111
11010100 01010 11111
11010101 01010 11111
11010110 00110 11111
11010111 00110 11111
11101000 00001 11111
11101001 00001 11111
11101010 00001 11111
11101011 00001 11111
11101100 00001 11111
11101101 00001 11111
11101110 10011 11111
11101111 01010 11111
11100000 01010 11111
11100001 01010 11111
11100010 01010 11111
11100011 01010 11111
11100100 01010 11111
11100101 01010 11111
11100110 01010 11111
11100111 00110 11111
11111000 00001 11111
11111001 00001 11111
11111010 00001 11111
11111011 00001 11111
11111100 00001 11111
11111101 00001 11111
11111110 00001 11111
11111111 10011 11111
11110000 01010 11111
11110001 01010 11111
11110010 01010 11111
11110011 01010 11111
11110100 01010 11111
11110101 01010 11111
11110110 01010 11111
11110111 01010 11111
00001000 01101 11111
00001001 00001 11111
00001010 00001 11111
00001011 00001 11111
00001100 00001 11111
00001101 00001 11111
00001110 00001 11111
00001111 00001 11111
00000000 10011 11111
00000001 01010 11111
00000010 01010 11111
00000011 01010 11111
00000100 01010 11111
00000101 01010 11111
00000110 01010 11111
00000111 01010 11111
00011000 01101 11111
00011001 01101 11111
00011010 00001 11111
00011011 00001 11111
00011100 00001 11111
00011101 00001 11111
00011110 00001 11111
00011111 00001 11111
00010000 00001 11111
00010001 10011 11111
00010010 01010 11111
00010011 01010 11111
00010100 01010 11111
00010101 01010 11111
00010110 01010 11111
00010111 01010 11111
00101000 01101 11111
00101001 01101 11111
00101010 01101 11111
00101011 00001 11111
00101100 00001 11111
00101101 00001 11111
00101110 00001 11111
00101111 00001 11111
00100000 00001 11111
00100001 00001 11111
00100010 10011 11111
00100011 01010 11111
00100100 01010 11111
00100101 01010 11111
00100110 01010 11111
00100111 01010 11111
00111000 01101 11111
00111001 01101 11111
00111010 01101 11111
00111011 01101 11111
00111100 00001 11111
00111101 00001 11111
00111110 00001 11111
00111111 00001 11111
00110000 00001 11111
00110001 00001 11111
00110010 00001 11111
00110011 10011 11111
00110100 01010 11111
00110101 01010 11111
00110110 01010 11111
00110111 01010 11111
01001000 01101 11111
01001001 01101 11111
01001010 01101 11111
01001011 01101 11111
01001100 01101 11111
01001101 00001 11111
01001110 00001 11111
01001111 00001 11111
01000000 00001 11111
01000001 00001 11111
01000010 00001 11111
01000011 00001 11111
01000100 10011 11111
01000101 01010 11111
01000110 01010 11111
01000111 01010 11111
01011000 01101 11111
01011001 01101 11111
01011010 01101 11111
01011011 01101 11111
01011100 01101 11111
01011101 01101 11111
01011110 00001 11111
01011111 00001 11111
01010000 00001 11111
01010001 00001 11111
01010010 00001 11111
01010011 00001 11111
01010100 00001 11111
01010101 10011 11111
01010110 01010 11111
01010111 01010 11111
01101000 01101 11111
01101001 01101 11111
01101010 01101 11111
01101011 01101 11111
01101100 01101 11111
01101101 01101 11111
01101110 01101 11111
01101111 00001 11111
01100000 00001 11111
01100001 00001 11111
01100010 00001 11111
01100011 00001 11111
01100100 00001 11111
01100101 00001 11111
01100110 10011 11111
01100111 01010 11111
01111000 01101 11111
01111001 01101 11111
01111010 01101 11111
01111011 01101 11111
01111100 01101 11111
01111101 01101 11111
01111110 01101 11111
01111111 01101 11111
01110000 00001 11111
01110001 00001 11111
01110010 00001 11111
01110011 00001 11111
01110100 00001 11111
01110101 00001 11111
01110110 00001 11111
01110111 10011 11111
