000000000 00000
000100000 00001
001000000 00010
001100000 00011
010000000 00100
010100000 00101
011000000 00110
011100000 00111
100000000 01000
100100000 01001
000000010 00001
000100010 00010
001000010 00011
001100010 00100
010000010 00101
010100010 00110
011000010 00111
011100010 01000
100000010 01001
100100010 10000
000000100 00010
000100100 00011
001000100 00100
001100100 00101
010000100 00110
010100100 00111
011000100 01000
011100100 01001
100000100 10000
100100100 10001
000000110 00011
000100110 00100
001000110 00101
001100110 00110
010000110 00111
010100110 01000
011000110 01001
011100110 10000
100000110 10001
100100110 10010
000001000 00100
000101000 00101
001001000 00110
001101000 00111
010001000 01000
010101000 01001
011001000 10000
011101000 10001
100001000 10010
100101000 10011
000001010 00101
000101010 00110
001001010 00111
001101010 01000
010001010 01001
010101010 10000
011001010 10001
011101010 10010
100001010 10011
100101010 10100
000001100 00110
000101100 00111
001001100 01000
001101100 01001
010001100 10000
010101100 10001
011001100 10010
011101100 10011
100001100 10100
100101100 10101
000001110 00111
000101110 01000
001001110 01001
001101110 10000
010001110 10001
010101110 10010
011001110 10011
011101110 10100
100001110 10101
100101110 10110
000010000 01000
000110000 01001
001010000 10000
001110000 10001
010010000 10010
010110000 10011
011010000 10100
011110000 10101
100010000 10110
100110000 10111
000010010 01001
000110010 10000
001010010 10001
001110010 10010
010010010 10011
010110010 10100
011010010 10101
011110010 10110
100010010 10111
100110010 11000
000000001 00000
000100001 00001
001000001 00010
001100001 00011
010000001 00100
010100001 00101
011000001 00110
011100001 00111
100000001 01000
100100001 01001
000000011 00001
000100011 00000
001000011 00001
001100011 00010
010000011 00011
010100011 00100
011000011 00101
011100011 00110
100000011 00111
100100011 01000
000000101 00010
000100101 00001
001000101 00000
001100101 00001
010000101 00010
010100101 00011
011000101 00100
011100101 00101
100000101 00110
100100101 00111
000000111 00011
000100111 00010
001000111 00001
001100111 00000
010000111 00001
010100111 00010
011000111 00011
011100111 00100
100000111 00101
100100111 00110
000001001 00100
000101001 00011
001001001 00010
001101001 00001
010001001 00000
010101001 00001
011001001 00010
011101001 00011
100001001 00100
100101001 00101
000001011 00101
000101011 00100
001001011 00011
001101011 00010
010001011 00001
010101011 00000
011001011 00001
011101011 00010
100001011 00011
100101011 00100
000001101 00110
000101101 00101
001001101 00100
001101101 00011
010001101 00010
010101101 00001
011001101 00000
011101101 00001
100001101 00010
100101101 00011
000001111 00111
000101111 00110
001001111 00101
001101111 00100
010001111 00011
010101111 00010
011001111 00001
011101111 00000
100001111 00001
100101111 00010
000010001 01000
000110001 00111
001010001 00110
001110001 00101
010010001 00100
010110001 00011
011010001 00010
011110001 00001
100010001 00000
100110001 00001
000010011 01001
000110011 01000
001010011 00111
001110011 00110
010010011 00101
010110011 00100
011010011 00011
011110011 00010
100010011 00001
100110011 00000
