000000000 00000 11111
000100000 00001 11111
001000000 00010 11111
001100000 00011 11111
010000000 00100 11111
010100000 00101 11111
011000000 00110 11111
011100000 00111 11111
100000000 01000 11111
100100000 01001 11111
000000010 00001 11111
000100010 00010 11111
001000010 00011 11111
001100010 00100 11111
010000010 00101 11111
010100010 00110 11111
011000010 00111 11111
011100010 01000 11111
100000010 01001 11111
100100010 10000 11111
000000100 00010 11111
000100100 00011 11111
001000100 00100 11111
001100100 00101 11111
010000100 00110 11111
010100100 00111 11111
011000100 01000 11111
011100100 01001 11111
100000100 10000 11111
100100100 10001 11111
000000110 00011 11111
000100110 00100 11111
001000110 00101 11111
001100110 00110 11111
010000110 00111 11111
010100110 01000 11111
011000110 01001 11111
011100110 10000 11111
100000110 10001 11111
100100110 10010 11111
000001000 00100 11111
000101000 00101 11111
001001000 00110 11111
001101000 00111 11111
010001000 01000 11111
010101000 01001 11111
011001000 10000 11111
011101000 10001 11111
100001000 10010 11111
100101000 10011 11111
000001010 00101 11111
000101010 00110 11111
001001010 00111 11111
001101010 01000 11111
010001010 01001 11111
010101010 10000 11111
011001010 10001 11111
011101010 10010 11111
100001010 10011 11111
100101010 10100 11111
000001100 00110 11111
000101100 00111 11111
001001100 01000 11111
001101100 01001 11111
010001100 10000 11111
010101100 10001 11111
011001100 10010 11111
011101100 10011 11111
100001100 10100 11111
100101100 10101 11111
000001110 00111 11111
000101110 01000 11111
001001110 01001 11111
001101110 10000 11111
010001110 10001 11111
010101110 10010 11111
011001110 10011 11111
011101110 10100 11111
100001110 10101 11111
100101110 10110 11111
000010000 01000 11111
000110000 01001 11111
001010000 10000 11111
001110000 10001 11111
010010000 10010 11111
010110000 10011 11111
011010000 10100 11111
011110000 10101 11111
100010000 10110 11111
100110000 10111 11111
000010010 01001 11111
000110010 10000 11111
001010010 10001 11111
001110010 10010 11111
010010010 10011 11111
010110010 10100 11111
011010010 10101 11111
011110010 10110 11111
100010010 10111 11111
100110010 11000 11111
000000001 00000 11111
000100001 00001 11111
001000001 00010 11111
001100001 00011 11111
010000001 00100 11111
010100001 00101 11111
011000001 00110 11111
011100001 00111 11111
100000001 01000 11111
100100001 01001 11111
000000011 00001 11111
000100011 00000 11111
001000011 00001 11111
001100011 00010 11111
010000011 00011 11111
010100011 00100 11111
011000011 00101 11111
011100011 00110 11111
100000011 00111 11111
100100011 01000 11111
000000101 00010 11111
000100101 00001 11111
001000101 00000 11111
001100101 00001 11111
010000101 00010 11111
010100101 00011 11111
011000101 00100 11111
011100101 00101 11111
100000101 00110 11111
100100101 00111 11111
000000111 00011 11111
000100111 00010 11111
001000111 00001 11111
001100111 00000 11111
010000111 00001 11111
010100111 00010 11111
011000111 00011 11111
011100111 00100 11111
100000111 00101 11111
100100111 00110 11111
000001001 00100 11111
000101001 00011 11111
001001001 00010 11111
001101001 00001 11111
010001001 00000 11111
010101001 00001 11111
011001001 00010 11111
011101001 00011 11111
100001001 00100 11111
100101001 00101 11111
000001011 00101 11111
000101011 00100 11111
001001011 00011 11111
001101011 00010 11111
010001011 00001 11111
010101011 00000 11111
011001011 00001 11111
011101011 00010 11111
100001011 00011 11111
100101011 00100 11111
000001101 00110 11111
000101101 00101 11111
001001101 00100 11111
001101101 00011 11111
010001101 00010 11111
010101101 00001 11111
011001101 00000 11111
011101101 00001 11111
100001101 00010 11111
100101101 00011 11111
000001111 00111 11111
000101111 00110 11111
001001111 00101 11111
001101111 00100 11111
010001111 00011 11111
010101111 00010 11111
011001111 00001 11111
011101111 00000 11111
100001111 00001 11111
100101111 00010 11111
000010001 01000 11111
000110001 00111 11111
001010001 00110 11111
001110001 00101 11111
010010001 00100 11111
010110001 00011 11111
011010001 00010 11111
011110001 00001 11111
100010001 00000 11111
100110001 00001 11111
000010011 01001 11111
000110011 01000 11111
001010011 00111 11111
001110011 00110 11111
010010011 00101 11111
010110011 00100 11111
011010011 00011 11111
011110011 00010 11111
100010011 00001 11111
100110011 00000 11111
