10001000 0000 1111
10001001 1111 1111
10001010 1110 1111
10001011 1101 1111
10001100 1100 1111
10001101 1011 1111
10001110 1010 1111
10001111 1001 1111
10000000 1000 1111
10000001 0111 1111
10000010 0110 1111
10000011 0101 1111
10000100 0100 1111
10000101 0011 1111
10000110 0010 1111
10000111 0001 1111
10011000 0001 1111
10011001 0000 1111
10011010 1111 1111
10011011 1110 1111
10011100 1101 1111
10011101 1100 1111
10011110 1011 1111
10011111 1010 1111
10010000 1001 1111
10010001 1000 1111
10010010 0111 1111
10010011 0110 1111
10010100 0101 1111
10010101 0100 1111
10010110 0011 1111
10010111 0010 1111
10101000 0010 1111
10101001 0001 1111
10101010 0000 1111
10101011 1111 1111
10101100 1110 1111
10101101 1101 1111
10101110 1100 1111
10101111 1011 1111
10100000 1010 1111
10100001 1001 1111
10100010 1000 1111
10100011 0111 1111
10100100 0110 1111
10100101 0101 1111
10100110 0100 1111
10100111 0011 1111
10111000 0011 1111
10111001 0010 1111
10111010 0001 1111
10111011 0000 1111
10111100 1111 1111
10111101 1110 1111
10111110 1101 1111
10111111 1100 1111
10110000 1011 1111
10110001 1010 1111
10110010 1001 1111
10110011 1000 1111
10110100 0111 1111
10110101 0110 1111
10110110 0101 1111
10110111 0100 1111
11001000 0100 1111
11001001 0011 1111
11001010 0010 1111
11001011 0001 1111
11001100 0000 1111
11001101 1111 1111
11001110 1110 1111
11001111 1101 1111
11000000 1100 1111
11000001 1011 1111
11000010 1010 1111
11000011 1001 1111
11000100 1000 1111
11000101 0111 1111
11000110 0110 1111
11000111 0101 1111
11011000 0101 1111
11011001 0100 1111
11011010 0011 1111
11011011 0010 1111
11011100 0001 1111
11011101 0000 1111
11011110 1111 1111
11011111 1110 1111
11010000 1101 1111
11010001 1100 1111
11010010 1011 1111
11010011 1010 1111
11010100 1001 1111
11010101 1000 1111
11010110 0111 1111
11010111 0110 1111
11101000 0110 1111
11101001 0101 1111
11101010 0100 1111
11101011 0011 1111
11101100 0010 1111
11101101 0001 1111
11101110 0000 1111
11101111 1111 1111
11100000 1110 1111
11100001 1101 1111
11100010 1100 1111
11100011 1011 1111
11100100 1010 1111
11100101 1001 1111
11100110 1000 1111
11100111 0111 1111
11111000 0111 1111
11111001 0110 1111
11111010 0101 1111
11111011 0100 1111
11111100 0011 1111
11111101 0010 1111
11111110 0001 1111
11111111 0000 1111
11110000 1111 1111
11110001 1110 1111
11110010 1101 1111
11110011 1100 1111
11110100 1011 1111
11110101 1010 1111
11110110 1001 1111
11110111 1000 1111
00001000 1000 1111
00001001 0111 1111
00001010 0110 1111
00001011 0101 1111
00001100 0100 1111
00001101 0011 1111
00001110 0010 1111
00001111 0001 1111
00000000 0000 1111
00000001 1111 1111
00000010 1110 1111
00000011 1101 1111
00000100 1100 1111
00000101 1011 1111
00000110 1010 1111
00000111 1001 1111
00011000 1001 1111
00011001 1000 1111
00011010 0111 1111
00011011 0110 1111
00011100 0101 1111
00011101 0100 1111
00011110 0011 1111
00011111 0010 1111
00010000 0001 1111
00010001 0000 1111
00010010 1111 1111
00010011 1110 1111
00010100 1101 1111
00010101 1100 1111
00010110 1011 1111
00010111 1010 1111
00101000 1010 1111
00101001 1001 1111
00101010 1000 1111
00101011 0111 1111
00101100 0110 1111
00101101 0101 1111
00101110 0100 1111
00101111 0011 1111
00100000 0010 1111
00100001 0001 1111
00100010 0000 1111
00100011 1111 1111
00100100 1110 1111
00100101 1101 1111
00100110 1100 1111
00100111 1011 1111
00111000 1011 1111
00111001 1010 1111
00111010 1001 1111
00111011 1000 1111
00111100 0111 1111
00111101 0110 1111
00111110 0101 1111
00111111 0100 1111
00110000 0011 1111
00110001 0010 1111
00110010 0001 1111
00110011 0000 1111
00110100 1111 1111
00110101 1110 1111
00110110 1101 1111
00110111 1100 1111
01001000 1100 1111
01001001 1011 1111
01001010 1010 1111
01001011 1001 1111
01001100 1000 1111
01001101 0111 1111
01001110 0110 1111
01001111 0101 1111
01000000 0100 1111
01000001 0011 1111
01000010 0010 1111
01000011 0001 1111
01000100 0000 1111
01000101 1111 1111
01000110 1110 1111
01000111 1101 1111
01011000 1101 1111
01011001 1100 1111
01011010 1011 1111
01011011 1010 1111
01011100 1001 1111
01011101 1000 1111
01011110 0111 1111
01011111 0110 1111
01010000 0101 1111
01010001 0100 1111
01010010 0011 1111
01010011 0010 1111
01010100 0001 1111
01010101 0000 1111
01010110 1111 1111
01010111 1110 1111
01101000 1110 1111
01101001 1101 1111
01101010 1100 1111
01101011 1011 1111
01101100 1010 1111
01101101 1001 1111
01101110 1000 1111
01101111 0111 1111
01100000 0110 1111
01100001 0101 1111
01100010 0100 1111
01100011 0011 1111
01100100 0010 1111
01100101 0001 1111
01100110 0000 1111
01100111 1111 1111
01111000 1111 1111
01111001 1110 1111
01111010 1101 1111
01111011 1100 1111
01111100 1011 1111
01111101 1010 1111
01111110 1001 1111
01111111 1000 1111
01110000 0111 1111
01110001 0110 1111
01110010 0101 1111
01110011 0100 1111
01110100 0011 1111
01110101 0010 1111
01110110 0001 1111
01110111 0000 1111
