00000000 00000000000
00000001 01000000001
00000010 01000000010
00000011 01000000011
00000100 01000000100
00000101 01000000101
00000110 01000000110
00000111 01000000111
00001000 01000001000
00001001 01000001001
00001010 01000001010
00001011 01000001011
00001100 01000001100
00001101 01000001101
00001110 01000001110
00001111 01000001111
00010000 01000010000
00010001 01000010001
00010010 01000010010
00010011 01000010011
00010100 01000010100
00010101 01000010101
00010110 01000010110
00010111 01000010111
00011000 01000011000
00011001 01000011001
00011010 01000011010
00011011 01000011011
00011100 01000011100
00011101 01000011101
00011110 01000011110
00011111 01000011111
00100000 01000100000
00100001 01000100001
00100010 01000100010
00100011 01000100011
00100100 01000100100
00100101 01000100101
00100110 01000100110
00100111 01000100111
00101000 01000101000
00101001 01000101001
00101010 01000101010
00101011 01000101011
00101100 01000101100
00101101 01000101101
00101110 01000101110
00101111 01000101111
00110000 01000110000
00110001 01000110001
00110010 10001000000
00110011 10001000001
00110100 10001000010
00110101 10001000011
00110110 10001000100
00110111 10001000101
00111000 10001000110
00111001 10001000111
00111010 10001001000
00111011 10001001001
00111100 10001001010
00111101 10001001011
00111110 10001001100
00111111 10001001101
01000000 10001001110
01000001 10001001111
01000010 10001010000
01000011 10001010001
01000100 10001010010
01000101 10001010011
01000110 10001010100
01000111 10001010101
01001000 10001010110
01001001 10001010111
01001010 10001011000
01001011 10001011001
01001100 10001011010
01001101 10001011011
01001110 10001011100
01001111 10001011101
01010000 10001011110
01010001 10001011111
01010010 10001100000
01010011 10001100001
01010100 10001100010
01010101 10001100011
01010110 10001100100
01010111 10001100101
01011000 10001100110
01011001 10001100111
01011010 10001101000
01011011 10001101001
01011100 10001101010
01011101 10001101011
01011110 10001101100
01011111 10001101101
01100000 10001101110
01100001 10001101111
01100010 10001110000
01100011 10001110001
01100100 11010000000
01100101 11010000001
01100110 11010000010
01100111 11010000011
01101000 11010000100
01101001 11010000101
01101010 11010000110
01101011 11010000111
01101100 11010001000
01101101 11010001001
01101110 11010001010
01101111 11010001011
01110000 11010001100
01110001 11010001101
01110010 11010001110
01110011 11010001111
01110100 11010010000
01110101 11010010001
01110110 11010010010
01110111 11010010011
01111000 11010010100
01111001 11010010101
01111010 11010010110
01111011 11010010111
01111100 11010011000
01111101 11010011001
01111110 11010011010
01111111 11010011011
10000000 11010011100
10000001 11010011101
10000010 11010011110
10000011 11010011111
10000100 11010100000
10000101 11010100001
10000110 11010100010
10000111 11010100011
10001000 11010100100
10001001 11010100101
10001010 11010100110
10001011 11010100111
10001100 11010101000
10001101 11010101001
10001110 11010101010
10001111 11010101011
10010000 11010101100
10010001 11010101101
10010010 11010101110
10010011 11010101111
10010100 11010110000
10010101 11010110001
10010110 11011000000
10010111 11011000001
10011000 11011000010
10011001 11011000011
10011010 11011000100
10011011 11011000101
10011100 11011000110
10011101 11011000111
10011110 11011001000
10011111 11011001001
10100000 11011001010
10100001 11011001011
10100010 11011001100
10100011 11011001101
10100100 11011001110
10100101 11011001111
10100110 11011010000
10100111 11011010001
10101000 11011010010
10101001 11011010011
10101010 11011010100
10101011 11011010101
10101100 11011010110
10101101 11011010111
10101110 11011011000
10101111 11011011001
10110000 11011011010
10110001 11011011011
10110010 11011011100
10110011 11011011101
10110100 11011011110
10110101 11011011111
10110110 11011100000
10110111 11011100001
10111000 11011100010
10111001 11011100011
10111010 11011100100
10111011 11011100101
10111100 11011100110
10111101 11011100111
10111110 11011101000
10111111 11011101001
11000000 11011101010
11000001 11011101011
11000010 11011101100
11000011 11011101101
11000100 11011101110
11000101 11011101111
11000110 11011110000
11000111 11011110001
11001000 11100000000
11001001 11100000001
11001010 11100000010
11001011 11100000011
11001100 11100000100
11001101 11100000101
11001110 11100000110
11001111 11100000111
11010000 11100001000
11010001 11100001001
11010010 11100001010
11010011 11100001011
11010100 11100001100
11010101 11100001101
11010110 11100001110
11010111 11100001111
11011000 11100010000
11011001 11100010001
11011010 11100010010
11011011 11100010011
11011100 11100010100
11011101 11100010101
11011110 11100010110
11011111 11100010111
11100000 11100011000
11100001 11100011001
11100010 11100011010
11100011 11100011011
11100100 11100011100
11100101 11100011101
11100110 11100011110
11100111 11100011111
11101000 11100100000
11101001 11100100001
11101010 11100100010
11101011 11100100011
11101100 11100100100
11101101 11100100101
11101110 11100100110
11101111 11100100111
11110000 11100101000
11110001 11100101001
11110010 11100101010
11110011 11100101011
11110100 11100101100
11110101 11100101101
11110110 11100101110
11110111 11100101111
11111000 11100110000
11111001 11100110001
11111010 11101000000
11111011 11101000001
11111100 11101000010
11111101 11101000011
11111110 11101000100
11111111 11101000101
