000000000 01100000
000100000 00000001
001000000 00000010
001100000 00100011
010000000 00000100
010100000 00100101
011000000 00100110
011100000 00000111
100000000 00001000
100100000 00101001
000000010 00000001
000100010 00000010
001000010 00100011
001100010 00000100
010000010 00100101
010100010 00100110
011000010 00000111
011100010 00001000
100000010 00101001
100100010 00010000
000000100 00000010
000100100 00100011
001000100 00000100
001100100 00100101
010000100 00100110
010100100 00000111
011000100 00001000
011100100 00101001
100000100 00010000
100100100 00110001
000000110 00100011
000100110 00000100
001000110 00100101
001100110 00100110
010000110 00000111
010100110 00001000
011000110 00101001
011100110 00010000
100000110 00110001
100100110 00110010
000001000 00000100
000101000 00100101
001001000 00100110
001101000 00000111
010001000 00001000
010101000 00101001
011001000 00010000
011101000 00110001
100001000 00110010
100101000 00010011
000001010 00100101
000101010 00100110
001001010 00000111
001101010 00001000
010001010 00101001
010101010 00010000
011001010 00110001
011101010 00110010
100001010 00010011
100101010 00110100
000001100 00100110
000101100 00000111
001001100 00001000
001101100 00101001
010001100 00010000
010101100 00110001
011001100 00110010
011101100 00010011
100001100 00110100
100101100 00010101
000001110 00000111
000101110 00001000
001001110 00101001
001101110 00010000
010001110 00110001
010101110 00110010
011001110 00010011
011101110 00110100
100001110 00010101
100101110 00010110
000010000 00001000
000110000 00101001
001010000 00010000
001110000 00110001
010010000 00110010
010110000 00010011
011010000 00110100
011110000 00010101
100010000 00010110
100110000 00110111
000010010 00101001
000110010 00010000
001010010 00110001
001110010 00110010
010010010 00010011
010110010 00110100
011010010 00010101
011110010 00010110
100010010 00110111
100110010 00111000
000000001 01100000
000100001 00000001
001000001 00000010
001100001 00100011
010000001 00000100
010100001 00100101
011000001 00100110
011100001 00000111
100000001 00001000
100100001 00101001
000000011 10000001
000100011 01100000
001000011 00000001
001100011 00000010
010000011 00100011
010100011 00000100
011000011 00100101
011100011 00100110
100000011 00000111
100100011 00001000
000000101 10000010
000100101 10000001
001000101 01100000
001100101 00000001
010000101 00000010
010100101 00100011
011000101 00000100
011100101 00100101
100000101 00100110
100100101 00000111
000000111 10100011
000100111 10000010
001000111 10000001
001100111 01100000
010000111 00000001
010100111 00000010
011000111 00100011
011100111 00000100
100000111 00100101
100100111 00100110
000001001 10000100
000101001 10100011
001001001 10000010
001101001 10000001
010001001 01100000
010101001 00000001
011001001 00000010
011101001 00100011
100001001 00000100
100101001 00100101
000001011 10100101
000101011 10000100
001001011 10100011
001101011 10000010
010001011 10000001
010101011 01100000
011001011 00000001
011101011 00000010
100001011 00100011
100101011 00000100
000001101 10100110
000101101 10100101
001001101 10000100
001101101 10100011
010001101 10000010
010101101 10000001
011001101 01100000
011101101 00000001
100001101 00000010
100101101 00100011
000001111 10000111
000101111 10100110
001001111 10100101
001101111 10000100
010001111 10100011
010101111 10000010
011001111 10000001
011101111 01100000
100001111 00000001
100101111 00000010
000010001 10001000
000110001 10000111
001010001 10100110
001110001 10100101
010010001 10000100
010110001 10100011
011010001 10000010
011110001 10000001
100010001 01100000
100110001 00000001
000010011 10101001
000110011 10001000
001010011 10000111
001110011 10100110
010010011 10100101
010110011 10000100
011010011 10100011
011110011 10000010
100010011 10000001
100110011 01100000
