000000000 01100000 11111111
000100000 00000001 11111111
001000000 00000010 11111111
001100000 00100011 11111111
010000000 00000100 11111111
010100000 00100101 11111111
011000000 00100110 11111111
011100000 00000111 11111111
100000000 00001000 11111111
100100000 00101001 11111111
000000010 00000001 11111111
000100010 00000010 11111111
001000010 00100011 11111111
001100010 00000100 11111111
010000010 00100101 11111111
010100010 00100110 11111111
011000010 00000111 11111111
011100010 00001000 11111111
100000010 00101001 11111111
100100010 00010000 11111111
000000100 00000010 11111111
000100100 00100011 11111111
001000100 00000100 11111111
001100100 00100101 11111111
010000100 00100110 11111111
010100100 00000111 11111111
011000100 00001000 11111111
011100100 00101001 11111111
100000100 00010000 11111111
100100100 00110001 11111111
000000110 00100011 11111111
000100110 00000100 11111111
001000110 00100101 11111111
001100110 00100110 11111111
010000110 00000111 11111111
010100110 00001000 11111111
011000110 00101001 11111111
011100110 00010000 11111111
100000110 00110001 11111111
100100110 00110010 11111111
000001000 00000100 11111111
000101000 00100101 11111111
001001000 00100110 11111111
001101000 00000111 11111111
010001000 00001000 11111111
010101000 00101001 11111111
011001000 00010000 11111111
011101000 00110001 11111111
100001000 00110010 11111111
100101000 00010011 11111111
000001010 00100101 11111111
000101010 00100110 11111111
001001010 00000111 11111111
001101010 00001000 11111111
010001010 00101001 11111111
010101010 00010000 11111111
011001010 00110001 11111111
011101010 00110010 11111111
100001010 00010011 11111111
100101010 00110100 11111111
000001100 00100110 11111111
000101100 00000111 11111111
001001100 00001000 11111111
001101100 00101001 11111111
010001100 00010000 11111111
010101100 00110001 11111111
011001100 00110010 11111111
011101100 00010011 11111111
100001100 00110100 11111111
100101100 00010101 11111111
000001110 00000111 11111111
000101110 00001000 11111111
001001110 00101001 11111111
001101110 00010000 11111111
010001110 00110001 11111111
010101110 00110010 11111111
011001110 00010011 11111111
011101110 00110100 11111111
100001110 00010101 11111111
100101110 00010110 11111111
000010000 00001000 11111111
000110000 00101001 11111111
001010000 00010000 11111111
001110000 00110001 11111111
010010000 00110010 11111111
010110000 00010011 11111111
011010000 00110100 11111111
011110000 00010101 11111111
100010000 00010110 11111111
100110000 00110111 11111111
000010010 00101001 11111111
000110010 00010000 11111111
001010010 00110001 11111111
001110010 00110010 11111111
010010010 00010011 11111111
010110010 00110100 11111111
011010010 00010101 11111111
011110010 00010110 11111111
100010010 00110111 11111111
100110010 00111000 11111111
000000001 01100000 11111111
000100001 00000001 11111111
001000001 00000010 11111111
001100001 00100011 11111111
010000001 00000100 11111111
010100001 00100101 11111111
011000001 00100110 11111111
011100001 00000111 11111111
100000001 00001000 11111111
100100001 00101001 11111111
000000011 10000001 11111111
000100011 01100000 11111111
001000011 00000001 11111111
001100011 00000010 11111111
010000011 00100011 11111111
010100011 00000100 11111111
011000011 00100101 11111111
011100011 00100110 11111111
100000011 00000111 11111111
100100011 00001000 11111111
000000101 10000010 11111111
000100101 10000001 11111111
001000101 01100000 11111111
001100101 00000001 11111111
010000101 00000010 11111111
010100101 00100011 11111111
011000101 00000100 11111111
011100101 00100101 11111111
100000101 00100110 11111111
100100101 00000111 11111111
000000111 10100011 11111111
000100111 10000010 11111111
001000111 10000001 11111111
001100111 01100000 11111111
010000111 00000001 11111111
010100111 00000010 11111111
011000111 00100011 11111111
011100111 00000100 11111111
100000111 00100101 11111111
100100111 00100110 11111111
000001001 10000100 11111111
000101001 10100011 11111111
001001001 10000010 11111111
001101001 10000001 11111111
010001001 01100000 11111111
010101001 00000001 11111111
011001001 00000010 11111111
011101001 00100011 11111111
100001001 00000100 11111111
100101001 00100101 11111111
000001011 10100101 11111111
000101011 10000100 11111111
001001011 10100011 11111111
001101011 10000010 11111111
010001011 10000001 11111111
010101011 01100000 11111111
011001011 00000001 11111111
011101011 00000010 11111111
100001011 00100011 11111111
100101011 00000100 11111111
000001101 10100110 11111111
000101101 10100101 11111111
001001101 10000100 11111111
001101101 10100011 11111111
010001101 10000010 11111111
010101101 10000001 11111111
011001101 01100000 11111111
011101101 00000001 11111111
100001101 00000010 11111111
100101101 00100011 11111111
000001111 10000111 11111111
000101111 10100110 11111111
001001111 10100101 11111111
001101111 10000100 11111111
010001111 10100011 11111111
010101111 10000010 11111111
011001111 10000001 11111111
011101111 01100000 11111111
100001111 00000001 11111111
100101111 00000010 11111111
000010001 10001000 11111111
000110001 10000111 11111111
001010001 10100110 11111111
001110001 10100101 11111111
010010001 10000100 11111111
010110001 10100011 11111111
011010001 10000010 11111111
011110001 10000001 11111111
100010001 01100000 11111111
100110001 00000001 11111111
000010011 10101001 11111111
000110011 10001000 11111111
001010011 10000111 11111111
001110011 10100110 11111111
010010011 10100101 11111111
010110011 10000100 11111111
011010011 10100011 11111111
011110011 10000010 11111111
100010011 10000001 11111111
100110011 01100000 11111111
