0000000 0 1
0000000 0 1
0000000 0 1
0000000 0 1
0000000 0 1
0000000 0 1
0000000 0 1
0000000 0 1
0000000 0 1
0000001 0 1
0000010 0 1
0000011 0 1
0000100 0 1
0000101 0 1
0000110 0 1
0000111 0 1
0000000 0 1
0000010 0 1
0000100 0 1
0000110 0 1
0001000 0 1
0001010 0 1
0001100 0 1
0001110 0 1
0000000 0 1
0000011 0 1
0000110 0 1
0001001 0 1
0001100 0 1
0001111 0 1
0010010 0 1
0010101 0 1
0000000 0 1
0000100 0 1
0001000 0 1
0001100 0 1
0010000 1 1
0010100 0 1
0011000 0 1
0011100 0 1
0000000 0 1
0000101 0 1
0001010 0 1
0001111 0 1
0010100 0 1
0011001 0 1
0011110 0 1
0100011 1 1
0000000 0 1
0000110 0 1
0001100 0 1
0010010 0 1
0011000 0 1
0011110 0 1
0100100 0 1
0101010 0 1
0000000 0 1
0000111 0 1
0001110 0 1
0010101 0 1
0011100 0 1
0100011 1 1
0101010 0 1
0110001 1 1
0000000 0 1
0001000 0 1
0010000 1 1
0011000 0 1
0100000 1 1
0101000 0 1
0110000 1 1
0111000 0 1
0000000 0 1
0001001 0 1
0010010 0 1
0011011 0 1
0100100 0 1
0101101 0 1
0110110 0 1
0111111 0 1
0000000 0 1
0001010 0 1
0010100 0 1
0011110 0 1
0101000 0 1
0110010 1 1
0111100 0 1
1000110 1 1
0000000 0 1
0001011 0 1
0010110 0 1
0100001 1 1
0101100 0 1
0110111 0 1
1000010 1 1
1001101 0 1
0000000 0 1
0001100 0 1
0011000 0 1
0100100 0 1
0110000 1 1
0111100 0 1
1001000 1 1
1010100 1 1
0000000 0 1
0001101 0 1
0011010 0 1
0100111 0 1
0110100 1 1
1000001 1 1
1001110 0 1
1011011 0 1
0000000 0 1
0001110 0 1
0011100 0 1
0101010 0 1
0111000 0 1
1000110 1 1
1010100 1 1
1100010 1 1
0000000 0 1
0001111 0 1
0011110 0 1
0101101 0 1
0111100 0 1
1001011 0 1
1011010 1 1
1101001 1 1
