00000000 000000
00000001 000001
00000010 000010
00000011 000011
00010000 000001
00010001 000000
00010010 000010
00010011 000011
00100000 000010
00100001 000010
00100010 000000
00100011 000011
00110000 000011
00110001 000011
00110010 000011
00110011 000000
01000000 000100
01000001 000100
01000010 000100
01000011 000100
01010000 000101
01010001 000101
01010010 000101
01010011 000101
01100000 000110
01100001 000110
01100010 000110
01100011 000110
01110000 000111
01110001 000111
01110010 000111
01110011 000111
10000000 000000
10000001 000000
10000010 000000
10000011 000000
10010000 000000
10010001 000001
10010010 000000
10010011 000001
10100000 000000
10100001 000000
10100010 000010
10100011 000010
10110000 000000
10110001 000001
10110010 000010
10110011 000011
11000000 000000
11000001 000000
11000010 000000
11000011 000000
11010000 000000
11010001 000001
11010010 000000
11010011 000001
11100000 000000
11100001 000000
11100010 000010
11100011 000010
11110000 000000
11110001 000001
11110010 000010
11110011 000011
00000100 000100
00000101 000101
00000110 000110
00000111 000111
00010100 000100
00010101 000101
00010110 000110
00010111 000111
00100100 000100
00100101 000101
00100110 000110
00100111 000111
00110100 000100
00110101 000101
00110110 000110
00110111 000111
01000100 000000
01000101 000101
01000110 000110
01000111 000111
01010100 000101
01010101 000000
01010110 000110
01010111 000111
01100100 000110
01100101 000110
01100110 000000
01100111 000111
01110100 000111
01110101 000111
01110110 000111
01110111 000000
10000100 000000
10000101 000000
10000110 000000
10000111 000000
10010100 000000
10010101 000001
10010110 000000
10010111 000001
10100100 000000
10100101 000000
10100110 000010
10100111 000010
10110100 000000
10110101 000001
10110110 000010
10110111 000011
11000100 000100
11000101 000100
11000110 000100
11000111 000100
11010100 000100
11010101 000101
11010110 000100
11010111 000101
11100100 000100
11100101 000100
11100110 000110
11100111 000110
11110100 000100
11110101 000101
11110110 000110
11110111 000111
00001000 001111
00001001 001111
00001010 001111
00001011 001111
00011000 001110
00011001 001110
00011010 001110
00011011 001110
00101000 001101
00101001 001101
00101010 001101
00101011 001101
00111000 001100
00111001 001100
00111010 001100
00111011 001100
01001000 001011
01001001 001011
01001010 001011
01001011 001011
01011000 001010
01011001 001010
01011010 001010
01011011 001010
01101000 001001
01101001 001001
01101010 001001
01101011 001001
01111000 001000
01111001 001000
01111010 001000
01111011 001000
00001100 001111
00001101 001111
00001110 001111
00001111 001111
00011100 001110
00011101 001110
00011110 001110
00011111 001110
00101100 001101
00101101 001101
00101110 001101
00101111 001101
00111100 001100
00111101 001100
00111110 001100
00111111 001100
01001100 001011
01001101 001011
01001110 001011
01001111 001011
01011100 001010
01011101 001010
01011110 001010
01011111 001010
01101100 001001
01101101 001001
01101110 001001
01101111 001001
01111100 001000
01111101 001000
01111110 001000
01111111 001000
11111000 000000
11111001 000000
11111010 000000
11111011 000000
11111100 000000
11111101 000000
11111110 000000
11111111 001111
11101000 000000
11101001 000000
11101010 000000
11101011 000000
11101100 000000
11101101 000000
11101110 001110
11101111 000000
10001000 001000
10011011 000000
10101010 001010
10011001 001001
10101111 000000
11001100 001100
11001101 000000
11001011 000000
